-------------------------------------------------------------
y = 0.92109
Khoang 1: (1; 1.45)
Lay: [1.2 1.25 1.3 1.35 ]
	x_1 = 1.1892631822968438


Khoang 2: (1.45; 2)
Lay: [1.75 1.8 1.85 1.9 ]
	x_2 = 1.7587969898272546


